epoch,train_loss,val_loss
0,0.11398700177669525,0.039468852803111076
1,0.08765552788972855,0.049375977367162704
2,0.06714966893196106,0.04255713149905205
3,0.06060929000377655,0.035993264988064766
4,0.05687417462468147,0.02822877001017332
5,0.05160082578659057,0.029106239788234234
6,0.04771691039204597,0.0199439013376832
7,0.041895633190870286,0.013894029427319765
8,0.04436776414513588,0.01737169735133648
9,0.04057596027851105,0.017582321539521217
10,0.040111794322729113,0.01777932606637478
11,0.04242655336856842,0.017279314808547497
12,0.04158112183213234,0.01951569691300392
13,0.04201689511537552,0.015063778031617403
14,0.03369853422045708,0.01183518161997199
15,0.04072136506438255,0.011346263810992241
16,0.039335088431835176,0.01221535773947835
17,0.03690524995326996,0.011359061114490032
18,0.03493660241365433,0.010825405828654766
19,0.037490297108888626,0.011520316824316978
20,0.03572012335062027,0.010017265100032091
21,0.03265013173222542,0.01070139603689313
22,0.03182283528149128,0.010805982165038586
23,0.031087454035878183,0.014254542533308268
24,0.03396212980151177,0.01353903068229556
25,0.031340986117720605,0.012002557050436735
26,0.029943511262536048,0.011906147468835115
27,0.0321862556040287,0.00990181602537632
28,0.030579515546560288,0.009395932778716087
29,0.03252309001982212,0.014628412667661905
30,0.030432360991835595,0.012922031804919243
31,0.032109647244215014,0.008932548109441996
32,0.02928735613822937,0.008566574659198523
33,0.027285901829600334,0.008249771781265736
34,0.03219763822853565,0.01084329979494214
35,0.030285586789250373,0.008475559297949076
36,0.028416457399725915,0.009045067708939314
37,0.02703409381210804,0.009155148640275002
38,0.025866266712546347,0.01244377950206399
39,0.027063457295298576,0.011971775442361832
40,0.02706582248210907,0.009600958321243525
41,0.027297680824995042,0.007063290802761912
42,0.025877246260643007,0.007977902889251709
43,0.02738247700035572,0.007799783023074269
44,0.02580886147916317,0.006644196342676878
45,0.02585793472826481,0.00706533994525671
46,0.023630884662270545,0.007072314154356718
47,0.02315463200211525,0.007177112624049187
48,0.0253334354609251,0.0070863086730241776
49,0.025763756781816482,0.009415026288479567
50,0.023299853131175042,0.00908885058015585
51,0.02450147904455662,0.008537514368072152
52,0.02534497492015362,0.0074656507931649685
53,0.024927397444844245,0.008252107072621584
54,0.022310420125722884,0.007981839124113321
55,0.02287674956023693,0.008848384022712708
56,0.02319660596549511,0.00773358391597867
57,0.022522443160414695,0.007101861527189612
58,0.025154364854097368,0.009282768703997135
59,0.021182286366820336,0.010605529882013798
60,0.023257272318005562,0.00724190566688776
61,0.022968927398324013,0.006348273251205683
62,0.021365274116396903,0.009043404832482338
63,0.020941204577684402,0.010262452065944672
64,0.021141926944255828,0.011404043529182673
65,0.021133945137262345,0.012219550088047981
66,0.02124047540128231,0.011619045864790678
67,0.019014881178736686,0.010323082096874714
68,0.018528733961284162,0.007732300320640206
69,0.019353986904025077,0.0067950335796922445
70,0.018576309829950333,0.008526018355041742
71,0.019991601631045342,0.010372007731348276
72,0.020174839347600938,0.0075469352304935455
73,0.019674753397703172,0.007827973924577236
74,0.021899757906794548,0.007903892546892166
75,0.017794117517769336,0.009612769354134798
76,0.020168479159474374,0.013170395977795124
77,0.01808423884212971,0.010933864396065474
78,0.017849649116396905,0.006041628774255514
79,0.02025321628898382,0.00597931444644928
80,0.019543283432722092,0.009245611727237701
81,0.019225629046559334,0.013048628810793161
82,0.018298045545816422,0.01223415695130825
83,0.01634179800748825,0.007927491096779704
84,0.01653353441506624,0.006570687983185053
85,0.016732756979763508,0.00768632348626852
86,0.017706792801618576,0.008147374959662557
87,0.019749042764306068,0.006852993043139577
88,0.016531479731202125,0.006337383762001991
89,0.01577415857464075,0.007341371383517981
90,0.017380478233098982,0.009374316781759262
91,0.014439115487039089,0.008298375643789768
92,0.01621273308992386,0.0075158157851547
93,0.015172237902879715,0.006473281886428595
94,0.0149103919044137,0.007624615216627717
95,0.014930314756929875,0.007752519100904465
96,0.01565460450947285,0.009288819041103125
97,0.014291222952306271,0.00670072715729475
98,0.016437912359833717,0.008897611871361732
99,0.01688970159739256,0.009993599727749825
100,0.016454723849892616,0.008120149839669466
101,0.015252780914306641,0.006832811050117016
102,0.017349828407168387,0.006618245970457792
103,0.017575780302286147,0.006667804438620806
104,0.013294469751417636,0.007305413018912077
105,0.013673248514533044,0.01006338419392705
106,0.013303432986140252,0.010137196630239487
107,0.01639786344021559,0.008493467001244426
108,0.01186114251613617,0.006602062610909343
109,0.014518524520099163,0.006887549301609397
110,0.014387700520455838,0.006338281789794564
111,0.01855944227427244,0.0059039294719696045
112,0.014059014432132245,0.005838910350576043
113,0.015871817246079445,0.004969770321622491
114,0.011418131180107594,0.005962278228253126
115,0.01537121944129467,0.007422350347042084
116,0.015715571865439416,0.007877586875110865
117,0.013319303281605244,0.007001648191362619
118,0.013992269709706306,0.008353661745786667
119,0.012157857418060303,0.007213957607746124
120,0.015130473487079143,0.006741241551935673
121,0.012424159981310367,0.005393017083406448
122,0.013860296458005905,0.0041426175739616156
123,0.01200696974992752,0.006310701370239258
124,0.013062588684260846,0.007504774257540703
125,0.013640245422720909,0.007708334596827626
126,0.01432291343808174,0.00669741933234036
127,0.012676736153662205,0.006231533829122782
128,0.013624484091997147,0.005852993344888091
129,0.013661814481019973,0.006899161729961634
130,0.012684781663119793,0.006153269670903683
131,0.012308154255151749,0.005787011235952377
132,0.011791836097836494,0.005188383394852281
133,0.010712838359177112,0.004741673823446035
134,0.011783010326325893,0.0070945145562291145
135,0.011856680549681187,0.00813414086587727
136,0.01148414183408022,0.004572313046082854
137,0.013561408780515195,0.0044617606326937675
138,0.01035311445593834,0.005089840153232217
139,0.012209086678922176,0.005988592281937599
140,0.012047281675040721,0.006832393119111657
141,0.012003231048583984,0.005079293390735984
142,0.011011232994496823,0.004303316818550229
143,0.01503315418958664,0.0020700862514786422
144,0.012968372739851474,0.0020151682547293603
145,0.00949253523722291,0.00417100521735847
146,0.01339520737528801,0.006349786417558789
147,0.01085859928280115,0.008495532209053636
148,0.011336739547550679,0.0077242974657565355
149,0.01104534100741148,0.008131841663271189
150,0.010644420050084591,0.008783659897744656
151,0.00931468214839697,0.0072249919176101685
152,0.012380290776491165,0.005429150070995092
153,0.011418276000767946,0.004793308908119798
154,0.01049058958888054,0.007256415206938982
155,0.012966886907815934,0.007148104254156351
156,0.00872863009572029,0.00800148630514741
157,0.01528870202600956,0.004989377222955227
158,0.009956586919724942,0.0038785026408731937
159,0.009483070205897092,0.005767147988080978
160,0.011779337842017411,0.0053221420384943485
161,0.01126265674829483,0.004768803366459906
162,0.012126712687313556,0.003957837820053101
163,0.011009551677852869,0.004672296927310526
164,0.007770244404673577,0.007611703127622604
165,0.008533306326717139,0.007900731870904565
166,0.011586512811481953,0.0039485638262704015
167,0.009204811975359916,0.00374591036234051
168,0.01183662684634328,0.002730454783886671
169,0.008399192336946725,0.003753236960619688
170,0.009772658348083496,0.0046940213069319725
171,0.00911374669522047,0.005585858831182122
172,0.00907558212056756,0.007146402727812529
173,0.010878172144293785,0.006106217624619603
174,0.009738630056381226,0.005059291608631611
175,0.009579047188162803,0.00460765790194273
176,0.011152733769267797,0.0032646198524162173
177,0.008986689150333405,0.003957528504543006
178,0.00979362241923809,0.0034571815049275756
179,0.013685865979641675,0.0031615833286195993
180,0.009130924753844739,0.0039275893941521645
181,0.009011427499353885,0.0046651416923850775
182,0.010123201459646226,0.0055125015787780285
183,0.008643549121916293,0.00559079647064209
184,0.009138694778084756,0.004464741097763181
185,0.006235110014677048,0.004404081031680107
186,0.008323128893971443,0.004313183831982315
187,0.012165103852748872,0.002507543540559709
188,0.009919666592031718,0.00432201661169529
189,0.008207086101174354,0.003981158952228725
190,0.010391227062791586,0.004727670922875404
191,0.010742873512208461,0.0032315413700416684
192,0.01141800656914711,0.00468683778308332
193,0.009670069441199303,0.003898503025993705
194,0.008526123967021704,0.004296068451367319
195,0.006837133318185806,0.002636325196363032
196,0.009527686145156622,0.0038881092332303524
197,0.008069553039968013,0.0052777191158384085
198,0.0147818673402071,0.004718019859865308
199,0.007452441845089197,0.003446441958658397
200,0.008705112617462873,0.004011813551187515
201,0.008087989035993814,0.005762362387031317
202,0.009336060564965009,0.006994258612394333
203,0.008148703444749116,0.0036895269295200706
204,0.007796363160014153,0.004601010819897056
205,0.00841020867228508,0.006026053801178932
206,0.008456900622695685,0.0025350081268697977
207,0.007021628599613905,0.0032537031220272183
208,0.009100802056491376,0.00613160477951169
209,0.0093809450045228,0.0061528009828180075
210,0.007388015557080507,0.004314843448810279
211,0.009189180471003056,0.0022334576351568103
212,0.009590553399175406,0.004365196218714118
213,0.006190325971692801,0.005464298417791724
214,0.006141460873186589,0.004990896908566356
215,0.009105586633086204,0.004656962119042873
216,0.009534237626940011,0.00462483218871057
217,0.008508368022739887,0.003442343440838158
218,0.006518114637583494,0.0034635320771485567
219,0.012180363293737173,0.004691830137744546
220,0.007212668098509312,0.004210048355162144
221,0.007420243322849273,0.003609677543863654
222,0.0071714319288730625,0.004036177298985422
223,0.008818282466381788,0.0035376622108742595
224,0.009335501026362181,0.003547204309143126
225,0.006051178276538849,0.0042133762035518885
226,0.007756861019879579,0.004300513886846602
227,0.007586508430540562,0.004660197766497731
228,0.007076897192746401,0.005517774727195501
229,0.005241225520148873,0.00531014590524137
230,0.006648494210094213,0.004904225468635559
231,0.006760419346392155,0.0036475014640018344
232,0.008442838676273823,0.0018824751605279744
233,0.010558035224676132,0.00452113919891417
234,0.0063138134777545925,0.0038436693139374256
235,0.006818926427513361,0.0024683508090674877
236,0.011011067312210798,0.0031520880293101072
237,0.008026701211929322,0.006433828501030803
238,0.008196678617969156,0.006014657206833363
239,0.008629816770553588,0.0028354255482554436
240,0.008342874608933926,0.004341971129179001
241,0.0063620968721807,0.005832207854837179
242,0.009826927166432142,0.0027811769396066666
243,0.0062972291372716425,0.0036909880582243204
244,0.004714727681130171,0.002883224398829043
245,0.008368532732129097,0.003787960624322295
246,0.007888520509004593,0.0038500549271702766
247,0.008649837505072356,0.003157511935569346
248,0.006142700742930174,0.003737247548997402
249,0.008397494535893201,0.003389222430996597
250,0.007211893144994974,0.001343736017588526
251,0.007472170796245336,0.003005934995599091
252,0.01003214307129383,0.004301995737478137
253,0.005184349231421947,0.003553178394213319
254,0.008190477825701236,0.0031714891083538532
255,0.007882674690335989,0.002899148501455784
256,0.007039174064993858,0.0036016040248796344
257,0.006977497972548008,0.004111937014386058
258,0.007920003123581409,0.0034734494984149933
259,0.00463780970312655,0.003128407639451325
260,0.004999808641150594,0.006518651032820344
261,0.007726000249385833,0.00355315487831831
262,0.0071352445520460606,0.0031768472399562597
263,0.006133115664124489,0.003075505723245442
264,0.006032666191458702,0.0026150994235649705
265,0.00797410737723112,0.00450609321705997
266,0.007052707625553012,0.006974110845476389
267,0.004954229574650526,0.0027718368219211698
268,0.007416239101439714,0.0026886622654274106
269,0.007751285377889871,0.0030524058965966105
270,0.007994656916707754,0.0031283076386898756
271,0.005733631830662489,0.0026206321781501174
272,0.006564938556402921,0.0035634731175377965
273,0.008690514788031577,0.006102380808442831
274,0.010478288121521472,0.006338359089568257
275,0.008652979321777821,0.0032345426734536886
276,0.0046753381378948685,0.0030887220054864883
277,0.007543319370597601,0.004424540442414582
278,0.007749097235500812,0.0056221147533506155
279,0.006048732250928879,0.002846362884156406
280,0.007869367953389883,0.0031845213379710913
281,0.007867208030074836,0.004352242220193148
282,0.006306121218949556,0.005183238536119461
283,0.006722820084542036,0.0034728156169876456
284,0.007935067173093557,0.001140139764174819
285,0.00714187091216445,0.001501298975199461
286,0.004393569566309452,0.00540012470446527
287,0.00528247426263988,0.0038015232421457767
288,0.00514641497284174,0.0032995668007060885
289,0.005895678605884314,0.0037287718150764704
290,0.005684187076985836,0.006433286936953664
291,0.006213064212352038,0.0013979931245557964
292,0.00662486026994884,0.0026920255040749907
293,0.004689986258745194,0.004017610102891922
294,0.006255459133535623,0.002943499479442835
295,0.006392027204856277,0.0016057942993938923
296,0.006954494304955006,0.002790083992294967
297,0.009392498433589936,0.0046043237671256065
298,0.0066729230806231495,0.005567449145019054
299,0.006866782438009977,0.002096661599352956
300,0.005879335384815931,0.0042934773955494165
301,0.007989906519651414,0.002728173159994185
302,0.007698856201022864,0.0044290461810305715
303,0.006562176439911127,0.0033315970795229077
304,0.011185602378100156,0.0034482073970139027
305,0.005631334846839309,0.0038239775458350778
306,0.009496119525283574,0.0017143640434369445
307,0.006960804015398026,0.0007577139767818153
308,0.006921536102890968,0.0021934352698735893
309,0.008077145833522082,0.0066006837878376245
310,0.006290735583752394,0.0032890256261453032
311,0.007345216721296311,0.0023455433547496796
312,0.004502758989110589,0.0025565660325810313
313,0.006054738070815802,0.0018364123534411192
314,0.005248769605532289,0.0018926163320429623
315,0.006933389976620674,0.008518775925040245
316,0.007607889827340841,0.005678675603121519
317,0.006182354595512152,0.0007712544756941497
318,0.006603811681270599,0.0013446389348246157
319,0.004896393697708845,0.004547393415123224
320,0.006304023275151849,0.0028045549988746643
321,0.004945805855095386,0.0024272955488413572
322,0.0052690321113914255,0.0032606663880869746
323,0.010125243570655584,0.0038301936583593488
324,0.005032206792384386,0.002748966100625694
325,0.004980636900290847,0.0036777411587536335
326,0.004975447244942188,0.0030655066948384047
327,0.007208018796518445,0.0020158991683274508
328,0.01035909103229642,0.004958167904987931
329,0.006710830517113209,0.006364448694512248
330,0.007277949480339885,0.0009509445808362216
331,0.005090282810851931,0.0004556376952677965
332,0.004574206145480275,0.0030474287923425436
333,0.004505809722468257,0.0055500827729702
334,0.008236526232212781,0.0038699168944731355
335,0.00602052928879857,0.0025604775873944163
336,0.005047967843711376,0.002608860144391656
337,0.00743750836700201,0.004374130396172404
338,0.006262428686022758,0.00453079491853714
339,0.0036824469920247794,0.0026708327932283282
340,0.004767489898949861,0.004071895033121109
341,0.004142628004774451,0.003044191747903824
342,0.008725549932569266,0.0058786217123270035
343,0.004944582469761372,0.005175757454708219
344,0.007349677383899689,0.003454265184700489
345,0.007954965718090535,0.0021312618046067655
346,0.007206147443503142,0.0020302535267546773
347,0.00538339838385582,0.00479036255273968
348,0.005219567520543933,0.006019520107656717
349,0.005093720834702253,0.0007996781496331096
350,0.006139559205621481,0.001570894557517022
351,0.004770876420661807,0.0031330909114331007
352,0.0074273791629821066,0.006125143729150295
353,0.007624255353584885,0.0032139727845788
354,0.008740201871842147,0.0005829712317790836
355,0.00516287968493998,0.0017241366440430284
356,0.006526486761868,0.00385676184669137
357,0.006303350068628788,0.002858979278244078
358,0.00618644286878407,0.005197312217205763
359,0.007545549608767033,0.003697159350849688
360,0.006083926651626825,0.0019852967816405
361,0.005573641508817673,0.0016588956350460649
362,0.004483891976997256,0.0027106862980872393
363,0.0079135459382087,0.002379654673859477
364,0.004649696219712496,0.0017952375346794724
365,0.006572312023490667,0.0019147716229781508
366,0.006361422408372164,0.004876596620306373
367,0.005908495280891657,0.000976058334344998
368,0.006554796453565359,0.0017449511215090752
369,0.006856393488124013,0.0035848645493388176
370,0.003953422140330076,0.0018778009107336402
371,0.005311579816043377,0.0021797260269522667
372,0.0074918042868375775,0.0012710784212686121
373,0.005711110448464752,0.004049471579492092
374,0.0036206857301294805,0.0028116711182519794
375,0.007889406196773053,0.0014985493035055697
376,0.004357883520424366,0.00587475742213428
377,0.004128267127089203,0.003592430497519672
378,0.006594411097466946,0.0010928612027782947
379,0.005255721881985665,0.0013763121678493917
380,0.010827417392283678,0.003610139712691307
381,0.006974839046597481,0.004030663054436445
382,0.005584839731454849,0.0012822705321013927
383,0.010509468149393797,0.0029256255365908146
384,0.00786216938868165,0.005344685632735491
385,0.008545021992176771,0.0032294215634465218
386,0.004521127510815859,0.002457324124407023
387,0.004448246117681265,0.0010057822801172733
388,0.0054956485982984304,0.005263445433229208
389,0.005700737144798041,0.0034182476811110973
390,0.006004091817885637,0.004354204749688506
391,0.008008213434368371,0.004314812133088708
392,0.005553453601896763,0.0018671208526939154
393,0.00902738543227315,0.001972536905668676
394,0.006269511906430126,0.0034427426289767027
395,0.006834565289318561,0.002983187325298786
396,0.007111713010817766,0.00276632874738425
397,0.004188951523974538,0.001620425668079406
398,0.0062005628366023306,0.0037963842041790485
399,0.005840011266991496,0.0030813103076070547
400,0.006745219556614756,0.0035362420603632927
401,0.004905330715700984,0.004186470294371247
402,0.003957862406969071,0.0019621525425463915
403,0.006484328163787722,0.003160339198075235
404,0.00673627806827426,0.0032385316444560885
405,0.0049535523168742655,0.002682927530258894
406,0.004867820115759969,0.0020544506842270494
407,0.009685938339680433,0.0052137537859380245
408,0.005519377812743187,0.0052726129069924355
409,0.004153458261862397,0.002086745575070381
410,0.006354240654036403,0.002134414273314178
411,0.006173306610435247,0.004479541210457683
412,0.005202492978423834,0.0013274156372062862
413,0.005996013153344392,0.0031310335034504533
414,0.006102726189419627,0.0035503304097801447
415,0.005997671186923981,0.001355486863758415
416,0.006158286472782493,0.002667029737494886
417,0.004558824840933085,0.0049837029073387384
418,0.006789278890937567,0.005655089160427451
419,0.007420478435233235,0.0023879975778982043
420,0.004334563249722123,0.0025743350852280855
421,0.004172757780179381,0.0010277003166265786
422,0.004623927734792232,0.003936401684768498
423,0.0054368552751839164,0.0031120533822104335
424,0.005336880683898926,0.0012581937771756202
425,0.004129020916298032,0.0019351812661625445
426,0.005005701817572117,0.004971419693902135
427,0.006357799377292394,0.002882248256355524
428,0.006256294157356024,0.0031070521799847484
429,0.004279167577624321,0.002667537657544017
430,0.003195684961974621,0.001759656355716288
431,0.005927109951153397,0.00255041872151196
432,0.005907641816884279,0.004837907385081053
433,0.006955081271007657,0.0014452646719291806
434,0.005560247134417296,0.0031968584517017007
435,0.004202613048255444,0.003197051933966577
436,0.004624830652028322,0.005023763049393892
437,0.007889677584171296,0.0023527005687355995
438,0.005376318981871009,0.0022070028935559094
439,0.004919152380898595,0.0024529899237677455
440,0.007543662330135703,0.007918342016637325
441,0.004774475749582052,0.004021700005978346
442,0.006327080773189664,0.002049390459433198
443,0.009586596116423606,0.0030172503320500255
444,0.003924151789397002,0.0038912363816052675
445,0.0038044740911573173,0.003292110748589039
446,0.0045500123873353,0.0023596909595653415
447,0.006311136623844504,0.004050352843478322
448,0.003221848327666521,0.004605676978826523
449,0.004682116815820337,0.001784353400580585
450,0.010659720655530691,0.0010679886327125132
451,0.005951755540445447,0.0067930452059954405
452,0.0036494987085461616,0.004750726278871298
453,0.005399705283343792,0.004374876152724028
454,0.005123888701200485,0.004004449816420674
455,0.006582427211105824,0.007124906871467829
456,0.005592765891924501,0.0028608113061636686
457,0.0057390121743083,0.0026364129735156894
458,0.005835940409451723,0.0044027529656887054
459,0.00934015428647399,0.003088999423198402
460,0.005833746585994959,0.001948146615177393
461,0.0048280402552336454,0.0025341800646856427
462,0.00453999200835824,0.002852644072845578
463,0.013642543368041516,0.0023195132380351424
464,0.008000471256673336,0.004112843424081802
465,0.006731070298701525,0.004657457699067891
466,0.003805510839447379,0.004815141903236508
467,0.005371709633618593,0.004560626344755292
468,0.004003490973263979,0.0018568839295767248
469,0.003522289264947176,0.002066994784399867
470,0.006281085778027773,0.006174297537654638
471,0.00492026824504137,0.002283155219629407
472,0.007990497164428234,0.004089967464096844
473,0.006513467477634549,0.004875824321061373
474,0.00542315065395087,0.0034146690741181374
475,0.008974462375044822,0.0036487209144979715
476,0.008394859824329614,0.002831042977049947
477,0.012634513434022665,0.0027749185683205724
478,0.0055980469100177285,0.00681882631033659
479,0.005936530604958534,0.002301895059645176
480,0.004322213865816593,0.00031373248930322006
481,0.005722844414412976,0.0032091500470414758
482,0.003985283290967345,0.003431149525567889
483,0.006579532288014889,0.002507832134142518
484,0.005883801309391856,0.001617733738385141
485,0.0070296554826200005,0.0010220154654234648
486,0.004941799724474549,0.002851615776307881
487,0.005709353741258383,0.005519801750779152
488,0.005328906886279583,0.0030684734228998423
489,0.005913611128926277,0.002632091986015439
490,0.003326258482411504,0.003943451447412372
491,0.0034966157283633946,0.004090295871719718
492,0.010788400378078222,0.007099298061802983
493,0.006387530919164419,0.00592219945974648
494,0.0033810953609645367,0.0022127890260890126
495,0.007847306504845619,0.0032306740758940578
496,0.0073004483710974455,0.006186471087858081
497,0.006764797493815422,0.0026537366211414337
498,0.005233823787420988,0.002342292165849358
499,0.008409729087725281,0.0030913413502275944
